000000000000000000000000000000000
000000000000000000000000000000000
000000000000000000000000000000000
000000000000000000000000000000000
000000000000000000000000000000000
000000000000000000000000000000000
000000000000000000000000000000000
000000000000000000000000000000000
000000000000000000000000000000000
000000000000000000000000000000000
000000000000000000000000000000000
000000000000000000000000000000006
000000000000000000000000000000000
000000000000000000000000000000034
000000000000000000000000000000100
000000000000000000002100345001000
000000000000000000002000000000000
000000000000000000002000000000000
000000000000000000002000000000000
000000000000000000002000000000000
000000000000000000002000000000000
111001110011111111111100111001110
000000000000000000000000000000000
000000000000000000000000000000000